Picture	Category	GendDiff	AmusMean	AmusSD	AweMean	AweSD	ContMean	ContSD	ExciMean	ExciSD
1340	Am		5.417	1.619	3.033	1.785	3.883	1.668	3.5	1.682
1440	U		4.533	1.78	3.883	1.923	4.8	1.634	3.383	1.878
1460	U		4.383	1.992	4.067	1.956	4.8	1.505	3.5	1.761
1463	AmC		4.917	1.72	3.283	1.949	4.533	1.702	3.75	1.643
1500	C		3.017	1.631	2.65	1.665	3.833	1.824	2.983	1.513
1510	U		3.317	1.882	2.6	1.52	3.5	1.722	2.833	1.659
1540	U		3.7	2.149	3.35	1.973	3.567	1.711	2.85	1.745
1560	AwE		2.933	1.876	4.083	1.968	2.833	1.669	4.05	1.863
1590	U		3.117	1.767	3.617	1.795	3.35	1.603	3.3	1.769
1601	U		3.733	1.912	3.267	1.666	3.917	1.544	3.633	1.636
1602	U		2.35	1.505	3.217	1.757	3.383	1.585	2.717	1.462
1603	AwC		2.567	1.64	3.567	1.769	3.767	1.75	2.75	1.643
1604	U		2.45	1.641	3.483	1.809	3.583	1.67	2.767	1.769
1610	U		4.033	2.194	3.183	1.935	4.117	1.627	2.967	1.687
1620	AwC		2.5	1.761	3.3	1.69	3.6	1.628	2.5	1.535
1640	U		2.85	1.614	3.383	1.688	3.217	1.648	3.2	1.783
1650	AwE		3.083	2.044	4.183	1.771	3.167	1.729	3.967	1.697
1660	U		3.967	2	3.217	1.748	3.267	1.831	3.033	1.794
1670	AmC		3.217	2.059	2.033	1.262	2.717	1.617	1.967	1.207
1710	U		4.583	2.053	3.3	1.907	4.683	1.672	3.767	1.76
1720	U		2.95	1.731	4.35	1.774	3.35	1.582	3.933	1.755
1721	U		3.333	1.919	4.283	1.823	4.267	1.745	3.633	1.785
1722	U		3.983	2.021	3.867	1.909	4.617	1.541	3.75	1.743
1740	U		3.317	2.004	3.067	1.539	3.067	1.55	2.617	1.519
1750	U		4.1	1.989	3.467	1.845	4.283	1.728	3.133	1.722
1810	Am		4.617	1.678	3.7	1.788	3.5	1.9	3.317	1.682
1811	Am		5.617	1.497	3.25	1.856	3.75	1.838	4.217	1.595
1812	U		3.467	2.029	3.9	1.792	4.233	1.477	3.367	1.717
1850	Aw		3.233	2.102	4.933	1.849	3.85	1.793	3.7	1.807
1900	U		3.517	2.021	3.8	1.998	3.133	1.641	3.4	1.888
1910	U		3.05	1.751	3.067	1.676	2.8	1.624	2.7	1.598
1920	Am		5.383	1.329	3.817	1.9	4.05	1.578	4.1	1.481
1942	AmAwC		3.917	2.077	3.7	1.88	3.933	1.448	2.95	1.578
1999	AmCE		4.583	1.862	2.517	1.621	3.817	1.771	3.967	1.626
2040	U		3.933	1.726	3.283	1.728	4.183	1.578	3.467	1.589
2050	AmC		4.517	1.836	3.083	1.934	4.467	1.61	3.433	1.769
2057	U		4.217	2.001	3.433	2.037	4.75	1.733	3.567	1.845
2058	C		3.533	1.864	3.45	1.863	4.4	1.607	3.3	1.769
2070	AmC		4.483	1.918	3.55	1.969	4.4	1.679	3.617	1.914
2080	AmC		4.55	1.808	3.467	1.935	4.5	1.456	3.233	1.701
2091	AmC		4.3	1.74	3.15	1.802	4.583	1.533	3.567	1.566
2092	Am		4.1	1.902	1.967	1.314	2.867	1.652	2.983	1.568
2150	C		2.917	1.925	2.967	1.877	4.217	1.805	2.9	1.644
2160	C		3.167	1.815	3.267	1.903	4.083	1.66	3.217	1.728
2165	U		3.767	1.779	3.117	1.932	4.35	1.593	3.017	1.722
2170	U	*	2.5	1.6	3.583	1.788	4.2	1.685	2.983	1.61
2208	U		4.317	1.722	3.067	1.982	3.833	1.796	4.217	1.688
2209	U		3.433	2.078	3.267	1.93	4.35	1.867	4.083	1.871
2216	AmCE		4.733	1.561	3.017	1.662	4.017	1.444	4.517	1.535
2240	U		3.717	1.932	2.6	1.669	3.267	1.716	2.35	1.459
2250	U		3.5	1.837	2.95	1.952	3.283	1.786	2.367	1.402
2260	C		3.3	1.844	3.283	1.833	4.35	1.527	3.067	1.716
2270	U		2.833	1.824	2.433	1.651	3.25	1.733	2.15	1.4
2303	U		4.017	1.732	2.983	1.78	3.817	1.672	4.217	1.595
2304	C		2.633	1.583	2.833	1.87	4.05	1.599	2.483	1.467
2310	C	*	2.517	1.589	3.05	1.817	4.217	1.668	2.6	1.44
2311	C		3.25	1.874	3.183	1.732	4.417	1.619	3.35	1.812
2320	U		3.167	1.777	2.933	1.858	3.667	1.743	2.417	1.465
2331	U		3.467	1.789	3.05	1.817	3.9	1.664	2.817	1.568
2340	AmCE		4.533	1.751	2.867	1.741	4.283	1.595	3.683	1.557
2341	AmC		4.133	1.891	3.083	1.778	4.383	1.718	3.1	1.386
2344	Am		4.317	1.61	2.95	1.863	3.583	1.7	3.533	1.662
2345	AmCE		4.3	1.64	2.883	1.851	4.167	1.709	4.033	1.626
2352	Am		4.8	1.603	2.683	1.882	3.667	1.694	3.8	1.783
2360	C		2.65	1.676	3.25	1.936	4.767	1.798	2.9	1.57
2370	AmC		3.367	1.913	2.117	1.329	3.317	1.692	2.617	1.508
2389	AmCE	*	3.35	1.912	2.083	1.357	2.817	1.642	3.5	1.864
2391	U	*	3.717	1.563	2.767	1.619	4.05	1.672	3.417	1.65
2500	U		3.117	1.814	2.9	1.753	3.517	1.732	2.283	1.427
2501	U		3.917	1.807	2.783	1.86	3.85	1.676	3.367	1.615
2510	AmC		3.817	1.771	2.833	1.709	3.75	1.781	2.45	1.395
2515	AmC		3.533	1.918	2.533	1.662	3.617	1.678	2.6	1.343
2530	C		3.167	1.879	2.967	1.832	4.033	1.594	2.867	1.692
2540	C		2.5	1.61	3.25	1.988	4.617	1.451	2.717	1.53
2550	C		3.55	1.751	3.2	1.894	4.333	1.643	2.717	1.439
2560	C		2.783	1.698	2.283	1.427	3.567	1.807	2.517	1.568
2616	U	*	2.783	1.648	3.25	1.81	2.85	1.582	3.633	1.832
2650	U		3.517	1.809	2.367	1.583	3.533	1.62	2.917	1.418
2655	AmC		4.983	1.732	3.217	1.851	4.567	1.533	3.633	1.657
2660	U		3.983	1.935	3.4	2.044	4.017	1.751	3.083	1.73
2791	Am		4.517	1.799	3.233	1.76	3.483	1.712	3.517	1.722
2900.2	U		3.55	1.741	2.45	1.534	3.7	1.499	2.9	1.537
4598	AwCE		2.8	2.007	4.317	2.079	4.7	1.88	4.283	2.059
4599	CE		3.283	1.905	2.867	1.761	4.267	1.812	4.3	1.925
4601	U		3.35	1.858	2.633	1.707	3.767	1.651	3.717	1.896
4603	U		3.1	1.829	2.467	1.396	3.483	1.846	3.117	1.585
4614	U		2.983	1.953	2.333	1.591	3.25	1.622	3.033	1.756
4640	U		2.8	1.912	2.767	1.798	3.683	1.979	3.283	1.932
4641	U		3.117	1.786	2.733	1.706	3.7	1.788	3.65	1.793
4700	C		2.7	1.629	2.7	1.67	3.883	1.757	2.867	1.652
5010	AwC		2	1.328	2.583	1.68	3.367	1.667	2.05	1.268
5201	C		2.033	1.402	2.45	1.63	3.15	1.84	2.133	1.556
5250	U		2.25	1.59	4.05	1.935	3.7	1.889	2.9	1.838
5260	AwCE		2.85	1.885	5	1.766	4.067	1.812	4.233	1.854
5270	AwE		3.117	2.092	4.65	1.981	3.217	1.698	3.983	1.836
5300	Aw		3	2.099	5.567	1.952	3.783	1.941	4.2	2.065
5450	AwE		3.367	2.194	5.133	1.722	3.5	1.742	5.183	1.621
5460	AwE		2.983	2.054	4.683	1.882	3.45	1.741	4.333	1.91
5470	Aw	*	3.217	2.116	5.217	1.658	3.9	1.782	4.467	1.808
5480	AwE		3.9	2.121	5.083	1.7	4.117	1.708	5.133	1.662
5593	AwCE		1.983	1.334	3.85	1.867	3.283	1.552	3.033	1.913
5594	AwC		2.533	1.523	5.267	1.572	4.617	1.474	3.467	1.578
5600	Aw		2.383	1.767	5.067	1.939	4.2	1.83	3.683	2.054
5621	AwE		4.383	2.043	5.5	1.732	3.867	1.882	5.5	1.682
5622	U		3.85	1.99	4.533	1.712	3.283	1.688	4.95	1.578
5623	U		3.967	2.186	4.733	1.858	3.7	1.65	5.25	1.58
5626	AwE		3.733	2.162	5.417	1.74	4	1.727	5.133	1.641
5628	AwCE		3.233	2.174	5.2	1.645	4.2	1.783	4.9	1.773
5629	AwE		3.55	2.135	5.6	1.639	4.167	1.924	5.067	1.812
5660	Aw		2.667	1.81	5.283	1.823	3.983	1.855	4.017	1.827
5700	AwCE		2.6	1.768	4.65	2.015	3.883	1.738	4.05	1.808
5760	AwC		2.633	1.677	3.9	1.92	4.317	1.809	2.917	1.72
5780	AwCE		2.15	1.494	3.517	1.761	4.1	1.724	2.9	1.623
5820	AwCE	*	2.35	1.505	4.267	1.706	3.9	1.753	3.3	1.576
5830	AwC		2.433	1.619	4.1	1.801	4.233	1.845	3.15	1.635
5831	U		4.267	1.784	3.833	1.777	4.467	1.652	3.533	1.662
5870	AwC		1.983	1.334	4.017	1.987	4.1	1.792	2.583	1.465
5875	U		2.6	1.796	2.9	1.801	3.6	1.87	2.25	1.422
5890	Aw		2.667	1.902	4.883	2.116	3.9	1.838	3.683	2.046
5891	AwC		2.117	1.497	4.1	1.866	4.1	1.734	2.583	1.565
5910	AwE		4.1	2.097	5.467	1.535	4.417	1.835	5.467	1.384
5950	AwE		3.367	1.983	5.65	1.538	3	1.697	4.967	1.636
5982	AwC		2.467	1.567	4.683	1.9	4.383	1.606	3.467	1.995
5990	AwC		2.3	1.64	4.55	1.943	4.083	1.871	2.967	1.813
5991	AwC		2.267	1.696	4.167	2.164	4.067	1.765	2.967	1.974
5994	U		3.383	2.092	3.917	2.011	3.8	1.867	4.417	1.925
6250.2	AmCE		3.683	1.953	2.117	1.379	3.05	1.588	2.8	1.774
7195	Am		4.367	1.922	2.2	1.783	2.35	1.459	2.517	1.621
7230	U		2.483	1.827	2.783	1.833	3.717	1.776	3.45	1.908
7325	AmC	*	4.617	1.698	2.617	1.698	4.3	1.898	2.767	1.382
7501	AmAwE		4.233	2.174	4.067	1.831	3.2	1.938	5	1.677
7502	AmCE		4.25	2.072	3.3	2.019	4.133	1.818	4.733	1.726
7510	AwCE		2.367	1.687	4.133	1.855	3.3	1.587	3.75	1.684
7545	AwC		2.383	1.474	3.7	1.942	4.333	1.875	2.667	1.559
7580	Aw		2.7	1.96	5.067	1.885	4	1.85	3.617	1.823
7600	U		3.533	1.944	3.817	1.836	3.267	1.784	3.833	1.787
7640	AwE†		2.967	1.948	4.433	2.012	2.683	1.557	4.267	1.793
8021	AwE	*	3.533	1.926	4.483	1.722	3.483	1.712	4.883	1.585
8030	E		3.95	2.095	4.467	1.882	3.6	1.968	5.6	1.543
8031	E		3.667	2.113	4.117	1.823	3.65	1.783	5.05	1.455
8032	U		3.467	2.062	4.05	1.89	3.6	1.649	3.8	1.764
8033	U		3.4	1.968	4.05	1.836	3.183	1.621	4.067	1.784
8034	E		3.55	2.078	3.867	1.702	3.567	1.671	4.783	1.795
8040	AmAwE		4.317	2.103	4.8	1.938	3.35	1.849	4.517	1.927
8041	U		3.567	1.978	4.467	1.682	3.317	1.692	4.233	1.544
8050	U		3.317	1.864	3.267	1.645	3.2	1.614	3.533	1.662
8080	U		3.817	1.996	4.483	1.846	3.517	1.722	4.917	1.51
8090	AwE		3.367	2.042	4.733	1.696	3.417	1.759	4.517	1.799
8116	E		4.117	2.366	3.517	2.013	4.3	2.142	5.517	1.682
8117	E		3.817	2.318	3.8	1.92	3.533	1.995	5.183	1.631
8120	AmCE		4.05	1.881	2.217	1.451	3.383	1.767	3.5	1.837
8130	U		3.667	1.919	4.383	1.748	3.233	1.477	4.733	1.413
8160	AwE†		3.983	1.996	5.15	1.706	3.283	1.805	5	1.795
8161	AwE		3.6	2.06	4.483	1.662	3.4	1.796	4.867	1.501
8162	U		3.85	2.073	4.167	1.888	3.733	1.666	4.3	1.72
8170	U		3.267	1.973	4.15	1.655	3.533	1.61	4.633	1.551
8180	AmAwE		4.867	1.891	4.967	1.922	3.917	1.72	5.633	1.402
8185	AwE		4.1	1.989	5.133	1.855	3.817	1.827	5.2	1.802
8190	AwE		3.683	2.127	5.167	1.719	4.233	1.721	5.183	1.524
8200	E		3.6	1.924	3.7	1.64	3.55	1.63	4.75	1.525
8210	U		4.183	2.103	4.567	1.789	3.7	1.797	5.217	1.552
8220	E		3.183	1.9	3.517	1.78	3.4	1.659	4.333	1.81
8232	U†	*	3.983	2.143	3.217	1.776	2.867	1.662	4.483	1.761
8250	U		3.117	1.767	3.6	1.942	2.95	1.651	4.317	1.873
8260	E	*	3.4	1.968	3.85	1.947	3	1.707	4.833	1.787
8280	U		3.417	1.994	3.733	1.676	3.467	1.692	4.117	1.519
8300	U		4.75	1.901	3.517	1.818	3.183	1.672	4.2	1.92
8330	U		2.45	1.702	2.817	1.652	3.317	1.672	3.083	1.69
8340	U		3.467	2.021	4.117	1.698	3.25	1.525	4.067	1.676
8370	E		3.917	2.126	3.783	1.896	3.417	1.7	5.167	1.768
8380	U		3.483	1.9	3.317	1.873	3.95	1.731	4.45	1.808
8400	E		3.233	1.952	4.1	1.848	3.65	1.821	5.05	1.661
8420	AmCE		4.117	1.932	2.4	1.628	3.95	1.89	3.767	1.925
8460	U		3.717	2.051	2.6	1.699	3	1.677	3.017	1.652
8461	AmCE		4.1	1.654	2.267	1.625	3.367	1.717	3.85	1.436
8470	U		3.383	1.992	3.667	1.919	3.733	1.716	4.3	1.788
8490	AwE		4.85	1.867	3.283	1.992	3.65	2.032	5.333	1.674
8497	AmC		4.033	1.822	2.333	1.591	4.133	1.855	3.067	1.593
8500	AwCE		2.983	2.119	4.367	2.17	4.1	1.989	4.4	1.942
8501	AwCE		3.783	2.067	4.433	1.863	4.283	1.905	4.75	1.791
8502	AwCE		3.55	2.143	4.517	2.127	4.867	1.953	5.067	1.876
8503	U		3.2	1.929	3.483	2.079	3.85	2.114	3.917	2.036
8510	U		3.333	2.152	3.883	2.076	4.1	2.199	4.417	2.019
8531	U		3.25	1.928	3.95	1.89	4.067	1.84	4.317	1.722
8540	U		2.833	1.679	3.517	1.864	3.95	1.692	4.15	1.764
8600	Am		4.683	1.692	2.133	1.443	3.3	1.598	3.45	1.512
9156	AwE		3.217	2.018	4.317	1.891	3.317	1.78	4.583	1.797
60001	Aw		3.417	2.118	5.25	1.643	4.433	1.651	4.367	1.697
60014	AwCE		2.717	1.698	4.517	1.873	3.917	1.629	4.233	1.577
60018	AwCE		2.9	1.829	5.067	1.858	4.567	1.651	4.017	1.846
60019	Aw		2.617	1.767	4.267	1.706	3.367	1.562	3.267	1.706
60023	AwCE		2.533	1.631	4.467	1.641	3.8	1.725	3.617	1.708
60025	E		2.533	1.732	2.483	1.621	2.667	1.643	3.567	1.943
60027	AwCE		2.517	1.827	4.817	1.855	4.233	1.651	3.567	1.845
60043	AwCE		2.433	1.511	4.483	1.909	4	1.551	3.433	1.619
60047	AwC		2.867	1.995	5.167	1.806	5.067	1.686	3.483	1.761
60053	U	*	2.75	1.743	3.85	2.032	3.2	1.695	3.5	1.799
60058	U		3.15	2.073	4.683	1.846	3.517	1.827	4.217	1.688
60061	U		2.467	1.722	3.55	1.845	3.067	1.885	2.85	1.783
60069	AwC		2.333	1.469	4.233	1.845	3.817	1.751	2.917	1.66
60077	AwC		2.35	1.582	3.9	1.714	3.883	1.805	2.733	1.593
60084	Aw		2.817	1.891	4.917	1.816	4.15	1.725	3.4	1.796
60092	Aw		2.517	1.79	4.917	1.925	3.883	1.878	3.5	1.953
60094	Aw		2.417	1.844	4.367	1.939	3.35	1.735	3.083	1.807
60099	U		2.75	1.791	3.817	1.909	2.95	1.712	3.317	1.672
60112	AwC		2.5	1.79	4.25	1.883	4.233	1.75	3.033	1.677
60118	AwC		2.283	1.485	3.433	1.89	3.483	1.882	2.567	1.671
60119	Aw		2.633	1.615	4.683	1.909	3.8	1.811	3.5	1.864
60129	AwC		2.283	1.354	4.067	1.821	4.117	1.606	2.867	1.535
60133	Aw		2.85	1.84	5.067	1.84	3.667	1.704	3.967	1.707
60134	AwCE		2.333	1.674	4.233	1.835	3.867	1.712	3.267	1.885
60152	Aw		2.417	1.71	4.7	1.871	3.333	1.772	3.4	1.806
60154	Aw		2.35	1.516	4.75	1.945	3.3	1.629	3.317	1.79
60192	AwC		2.117	1.474	4.05	1.863	3.85	1.912	2.933	1.676
60194	U		3.217	1.975	3.35	2.098	2.65	1.624	2.533	1.662
60204	AwE		3.15	1.947	5.233	1.75	4.133	1.77	4.933	1.849
60220	U		3.35	2.024	2.85	1.876	3.233	1.807	2.217	1.451
60224	U	*	3.45	2.062	4.3	2.011	4.917	1.797	4.583	1.889
60233	AwCE		2.417	1.71	4.433	1.969	3.717	1.757	3.267	1.867
60234	AwCE		2.517	1.827	4.6	1.879	4.05	1.578	3.767	1.807
60240	AwCE		2.55	1.741	4.683	1.9	4.3	1.73	3.683	1.809
60241	AwCE		2.967	2.008	4.55	1.881	5.267	1.716	4.483	1.855
60253	U		3.417	1.951	4.05	1.961	3.583	1.759	3.3	1.778
60259	Aw		2.45	1.661	5	1.859	3.567	1.671	3.25	1.883
60262	Aw		2.283	1.485	4.717	1.905	3.65	1.706	3.083	1.71
60267	AwCE		3.15	1.981	5.683	1.49	4.917	1.71	4.317	1.873
60273	Am		4.517	1.642	3.617	1.905	3.383	1.648	3.683	1.742
60288	Aw		3.033	1.948	5.433	1.731	3.733	1.736	4.633	1.657
60303	U		2.133	1.546	3.267	1.93	3.483	1.9	2.7	1.862
60316	U		2.767	1.89	4.55	2.029	4.583	1.968	3.233	1.721
60324	AwC		2.15	1.471	5.133	1.78	4.3	1.788	3.85	1.812
60328	Aw		2.9	1.838	5.25	1.684	4.367	1.804	3.833	1.748
60335	Aw		2.783	1.914	4.85	1.802	3.667	1.782	4.333	1.753
93018	Am		4.767	1.934	2	1.235	3.25	1.772	2.833	1.617
93050	AmCE		3.233	2.142	2.417	1.576	3.667	1.684	3.75	1.901
93052	AmCE		3.217	2.14	2.067	1.471	3.267	1.867	2.8	1.793
93060	C		2.533	1.827	2.567	1.577	3.9	1.724	3.1	1.664
93098	CE		2.483	1.631	2.167	1.452	3.833	1.906	3.267	1.803
